541.745 140.328 300.113 165.068
541.745 140.328 378.141 168.925
541.745 140.328 291.126 162.123
541.745 140.328 455.145 165.106
561.292 140.909 300.113 165.068
561.292 140.909 378.141 168.925
561.292 140.909 290.678 162.622
561.292 140.909 623.824 140.816
561.292 140.909 291.126 162.123
561.292 140.909 242.835 210.124
561.292 140.909 455.145 165.106
570.414 141.544 347.069 168.888
570.414 141.544 29.2504 197.472
570.414 141.544 29.1046 196.773
625.137 144.506 628.592 144.588
625.137 144.506 296.476 166.635
625.137 144.506 450.575 169.328
42.0159 156.174 71.8228 147.803
428.627 169.085 351.839 169.304
428.627 169.085 602.916 141.808
297.433 169.372 300.113 165.068
297.433 169.372 378.141 168.925
297.433 169.372 351.839 169.304
297.433 169.372 29.2288 198.007
297.433 169.372 602.916 141.808
297.433 169.372 282.187 162.041
297.433 169.372 290.678 162.622
297.433 169.372 291.126 162.123
297.433 169.372 242.835 210.124
397.795 170.946 401.062 167.892
343.905 172.525 347.069 168.888
343.905 172.525 336.586 167.861
495.956 172.82 498.698 171.142
495.956 172.82 498.698 171.142
321.337 172.907 378.141 168.925
321.337 172.907 455.145 165.106
339.229 172.954 351.839 169.304
345.311 175.062 348.817 171.437
585.191 175.002 579.072 174.766
585.191 175.002 579.072 174.766
515.153 175.429 515.857 174.004
584.465 178.748 578.387 178.445
584.465 178.748 578.387 178.445
428.146 179.602 430.165 177.036
259.82 180.22 261.635 175.508
484.396 179.961 487.134 178.151
534.432 181.703 532.944 180.616
621.455 182.562 611.381 183.272
623.921 184.022 614.137 184.42
479.069 185.678 481.363 183.679
278.427 186.354 279.837 181.875
329.487 186.953 331.613 182.981
371.59 189.17 373.986 185.649
437.755 189.459 439.541 186.984
449.627 189.935 451.591 187.604
558.1 190.916 554.08 190.337
558.1 190.916 554.08 190.337
429.424 191.457 431.093 188.747
544.119 191.36 541.403 190.673
596.612 191.911 588.92 192.036
154.921 193.597 183.692 186.34
539.15 195.09 536.647 194.191
463.408 195.901 465.531 193.747
463.408 195.901 465.531 193.747
131.347 199.208 159.461 191.491
581.517 198.928 574.794 198.824
581.517 198.928 574.794 198.824
390.162 199.335 392.628 196.071
267.241 200.967 269.079 195.93
267.241 200.967 269.079 195.93
578.999 200.924 572.481 200.689
98.4643 203.427 127.505 195.327
119.228 203.272 147.428 195.153
119.228 203.272 147.428 195.153
367.802 203.807 370.751 200.353
277.222 204.372 278.503 199.639
277.222 204.372 278.503 199.639
615.961 205.42 605.913 206.041
284.661 207.059 286.021 202.322
571.66 206.803 565.78 206.492
94.4645 209.719 123.882 201.345
94.4645 209.719 123.882 201.345
512.744 209.685 512.486 208.439
9.79379 210.528 38.3954 200.901
104.811 210.512 133.841 202.467
166.058 211.955 194.513 204.562
292.958 212.88 293.958 208.204
489.451 215.784 491.411 213.975
413.163 216.428 414.247 213.547
519.017 219.361 517.683 218.432
623.599 219.514 612.248 220.3
623.599 219.514 612.248 220.3
290.792 221.089 291.756 216.332
158.703 223.061 187.043 215.658
494.905 224.257 495.96 222.66
608.658 224.746 598.501 225.311
156.57 225.509 184.672 218.032
156.57 225.509 184.672 218.032
59.0862 228.797 86.7426 219.779
504.673 228.457 504.562 227.15
504.673 228.457 504.562 227.15
533.469 228.715 530.389 227.854
507.737 228.971 507.265 227.538
495.878 231.264 496.586 229.81
185.882 231.335 556.688 139.289
185.882 231.335 378.141 168.925
185.882 231.335 29.2288 198.007
185.882 231.335 602.916 141.808
185.882 231.335 421.604 165.816
185.882 231.335 383.611 168.041
185.882 231.335 29.2504 197.472
185.882 231.335 623.824 140.816
185.882 231.335 291.126 162.123
185.882 231.335 431.08 164.742
185.882 231.335 455.145 165.106
369.116 231.501 371.351 227.681
570.934 231.406 564.127 231.343
600.086 233.503 590.444 233.85
626.345 236.934 614.268 237.826
616.372 239.157 605.019 239.862
616.372 239.157 605.019 239.862
572.899 239.319 565.766 238.966
543.139 240.762 538.72 240.114
548.471 243.013 543.49 242.474
411.019 244.624 411.465 241.498
573.69 245.289 566.109 245.287
573.69 245.289 566.109 245.287
300.406 246.594 300.864 241.634
300.406 246.594 300.864 241.634
218.02 247.503 221.059 241.285
218.02 247.503 221.059 241.285
285.516 248.172 286.083 242.834
486.099 248.088 487.246 246.154
386.719 248.657 387.763 245.251
533.394 249.976 529.579 249.032
533.394 249.976 529.579 249.032
225.582 250.476 228.541 244.115
413.446 250.707 413.9 247.613
497.558 252.38 497.374 250.896
202.249 254.138 205.407 247.58
323.697 256.998 323.75 252.403
323.697 256.998 323.75 252.403
91.5989 257.505 118.048 248.828
544.185 257.747 538.904 257.128
588.72 258.062 579.149 258.373
347.092 258.349 346.943 254.104
446.714 258.368 447.149 255.9
398.841 258.926 399.03 255.572
374.573 260.332 374.62 256.45
531.268 260.256 527.175 259.359
531.268 260.256 527.175 259.359
479.191 262.855 480.37 260.944
571.818 264.268 563.613 264.216
379.978 264.63 380.06 261.264
326.547 265.51 326.873 260.689
574.044 266.672 565.601 266.699
578.821 266.507 569.954 266.571
471.096 267.536 471.945 265.471
259.818 271.554 260.299 265.576
502.696 273.284 501.163 271.83
218.632 275.059 221.206 268.312
218.632 275.059 221.206 268.312
556.695 275.098 549.536 274.784
424.644 277.904 424.688 274.935
424.644 277.904 424.688 274.935
424.644 277.904 424.688 274.935
396.394 282.379 396.288 278.325
418.714 285.567 418.488 282.551
540.712 143.243 540.755 142.149
522.361 146.814 523.419 145.436
513.433 152.798 602.916 141.808
130.725 156.365 159.393 149.361
511.688 164.174 513.198 162.739
511.688 164.174 513.198 162.739
117.25 166.265 145.988 158.71
117.25 166.265 145.988 158.71
266.042 167.459 269.363 162.834
432.89 168.039 347.069 168.888
432.89 168.039 336.586 167.861
432.89 168.039 29.2504 197.472
423.527 168.403 421.604 165.816
423.527 168.403 383.611 168.041
423.527 168.403 431.08 164.742
423.527 168.403 455.145 165.106
418.738 169.084 421.835 166.456
418.738 169.084 378.141 168.925
418.738 169.084 602.916 141.808
418.738 169.084 421.604 165.816
418.738 169.084 623.824 140.816
418.738 169.084 444.422 164.9
418.738 169.084 455.145 165.106
418.738 169.084 593.898 139.744
517.446 169.755 518.193 168.361
294.115 170.94 38.3954 200.901
294.115 170.94 296.476 166.635
303.653 171.042 306.684 167.014
303.653 171.042 48.1261 201.002
303.653 171.042 307.103 165.571
303.653 171.042 592.879 140.667
303.653 171.042 593.898 139.744
470.107 170.823 473.531 168.828
465.352 171.492 468.214 169.382
374.877 171.862 378.141 168.925
374.877 171.862 421.604 165.816
374.877 171.862 623.824 140.816
374.877 171.862 455.145 165.106
299.891 172.577 302.222 168.273
299.891 172.577 460.619 169.705
348.624 172.766 576.621 140.788
348.624 172.766 300.113 165.068
348.624 172.766 421.835 166.456
348.624 172.766 378.141 168.925
348.624 172.766 351.839 169.304
348.624 172.766 29.2288 198.007
348.624 172.766 242.835 210.124
104.202 173.324 132.872 165.383
394.219 173.324 397.279 170.31
27.93 173.747 57.6889 165.013
89.6945 176.185 119.52 168.143
290.749 176.087 292.367 171.692
491.937 176.733 494.896 175.081
494.903 179.67 497.468 177.983
562.182 179.732 558.136 179.064
32.0042 180.405 61.7244 171.615
581.252 181.65 575.119 181.297
469.54 186.086 471.889 184.026
574.124 186.868 568.546 186.384
589.776 187.619 582.811 187.561
594.338 188.249 586.987 188.324
594.338 188.249 586.987 188.324
503.011 192.913 504.471 191.24
503.011 192.913 504.471 191.24
613.4 192.968 604.038 193.358
87.6891 193.721 117.219 185.548
151.508 195.03 180.254 187.587
156.415 197.124 185.081 189.698
119.212 198.181 147.292 190.612
119.212 198.181 147.292 190.612
401.338 201.043 402.554 197.986
407.02 203.544 408.393 200.969
407.02 203.544 408.393 200.969
283.398 203.894 284.648 199.279
569.402 203.83 563.827 203.473
94.3328 206.08 123.743 197.879
94.3328 206.08 123.743 197.879
400.654 206.148 401.987 203.11
498.259 207.465 499.43 205.86
566.401 207.868 560.853 207.476
566.401 207.868 560.853 207.476
559.796 208.461 554.979 207.95
568.921 210.317 563.091 210.047
408.747 210.779 409.901 207.776
118.449 211.414 146.403 203.456
361.556 213.057 364.317 209.308
102.112 213.78 131.253 205.55
607.86 214.465 598.149 214.905
537.46 215.653 534.435 214.624
158.084 217.868 186.046 210.467
166.166 218.988 194.447 211.608
600.032 218.962 590.799 219.011
628.762 221.052 616.948 221.975
504.629 221.712 504.954 220.329
503.981 225.606 503.974 223.965
605.539 226.062 595.599 226.631
548.23 227.358 543.827 226.797
615.599 228.291 604.68 228.908
303.176 231.069 303.988 226.302
579.95 231.768 572.238 231.769
609.276 235.21 598.706 235.837
570.716 237.015 563.731 236.746
415.937 238.518 416.633 235.592
229.96 239.922 233.029 233.777
487.741 239.753 488.924 238.049
600.418 240.891 590.379 241.437
600.418 240.891 590.379 241.437
505.573 241.447 504.802 239.992
505.573 241.447 504.802 239.992
628.785 242.351 616.124 243.369
435.055 247.113 435.929 244.406
435.055 247.113 435.929 244.406
195.426 247.752 198.955 241.042
599.56 247.853 589.389 248.187
568.689 249.108 561.394 249.228
551.424 249.445 545.894 248.941
263.35 250.604 264.059 245.03
263.35 250.604 264.059 245.03
209.392 251.576 212.586 245.007
253.232 251.557 254.013 245.672
253.232 251.557 254.013 245.672
411.135 253.703 411.397 250.583
582.88 253.805 574.056 254.026
595.36 253.822 585.388 254.29
589.421 254.119 580.042 254.64
465.064 255.137 465.979 253
396.123 255.92 396.374 252.52
450.2 256.481 450.906 254.13
600.535 257.217 589.846 257.811
342.484 258.697 342.548 254.234
369.279 259.37 369.482 255.434
411.788 259.674 412.063 256.709
411.788 259.674 412.063 256.709
632.017 259.745 618.331 260.92
207.711 259.915 211.011 253.266
215.195 259.988 218.15 253.34
215.195 259.988 218.15 253.34
226.049 259.969 229.039 253.527
335.663 260.008 335.752 255.545
583.345 261.35 574.226 261.678
283.143 262.688 283.101 257.301
617.269 263.225 604.869 264.21
617.269 263.225 604.869 264.21
433.845 263.506 434.445 260.756
433.845 263.506 434.445 260.756
323.323 264.11 323.263 259.384
490.206 266.011 490.333 264.205
546.263 269.698 540.436 269.096
206.344 272.512 209.074 265.554
498.904 275.839 497.702 274.265
265.031 277.285 265.142 271.257
265.031 277.285 265.142 271.257
377.786 281.333 378.572 277.456
377.786 281.333 378.572 277.456
417.109 282.377 417.034 279.322
417.109 282.377 417.034 279.322
561.525 140.496 378.141 168.925
561.525 140.496 623.824 140.816
561.525 140.496 291.126 162.123
561.525 140.496 455.145 165.106
625.058 145.22 628.592 144.588
131.539 148.558 160.384 141.27
131.539 148.558 160.384 141.27
73.0637 165.831 102.154 157.76
279.82 166.515 269.363 162.834
279.82 166.515 282.187 162.041
279.82 166.515 268.923 162.306
288.188 167.017 300.113 165.068
288.188 167.017 290.678 162.622
288.188 167.017 291.126 162.123
288.188 167.017 242.835 210.124
511.809 168.798 512.956 167.393
405.549 168.927 408.258 165.951
284.308 169.437 286.888 164.936
277.974 170.146 280.238 165.648
489.358 170.197 492.875 168.509
72.4654 170.829 101.47 162.622
380.231 171.346 602.916 141.808
380.231 171.346 421.604 165.816
380.231 171.346 383.611 168.041
380.231 171.346 431.08 164.742
447.809 171.651 628.592 144.588
447.809 171.651 450.575 169.328
598.384 171.729 591.358 171.793
333.088 171.942 347.069 168.888
333.088 171.942 336.586 167.861
333.088 171.942 291.126 162.123
333.088 171.942 431.08 164.742
333.088 171.942 455.145 165.106
457.797 172.054 302.222 168.273
457.797 172.054 460.619 169.705
457.797 172.054 460.503 170.104
603.949 173.339 596.195 173.394
603.949 173.339 596.195 173.394
75.9479 175.077 104.944 166.832
359.422 175.449 362.578 171.992
499.73 175.437 502.022 173.907
38.4526 181.422 67.9455 172.649
498.857 181.646 501.106 180.289
629.282 182.336 618.844 182.897
30.5688 184.886 60.4228 175.928
596.58 184.531 588.955 184.408
555.225 185.302 551.682 184.617
412.648 187.681 414.174 184.971
94.104 188.489 123.741 180.096
490.551 189.52 493.211 187.91
526.301 189.204 525.41 188.302
580.064 189.277 574.11 188.971
586.038 190.13 579.349 190.013
586.038 190.13 579.349 190.013
320.715 190.791 323.031 186.533
489.82 195.228 492.194 193.56
489.82 195.228 492.194 193.56
292.775 196.391 294.058 191.849
123.094 198.549 151.073 190.887
617.474 199.237 607.506 199.646
160.134 202.281 188.593 195.024
488.185 202.762 490.394 201.096
122.703 207.176 150.674 199.325
350.501 208.534 353.382 204.676
537.665 210.763 534.949 209.889
537.665 210.763 534.949 209.889
467.411 212.241 469.232 210.089
562.306 212.235 557.092 211.641
578.387 213.071 571.521 212.927
578.387 213.071 571.521 212.927
616.968 213.086 606.492 213.707
458.792 216.159 460.39 213.872
458.792 216.159 460.39 213.872
619.105 217.556 608.27 218.22
324.763 217.878 327.835 213.217
612.42 218.604 602.08 219.222
308.111 219.726 309.188 215.237
353.538 220.853 356.054 216.966
132.093 222.038 160.716 214.199
264.003 221.99 265.29 216.622
264.003 221.99 265.29 216.622
549.685 222.136 545.2 221.447
549.685 222.136 545.2 221.447
549.685 222.136 545.2 221.447
599 225.255 589.72 225.539
44.8946 229.098 72.6619 219.91
561.268 229.038 555.448 228.579
161.199 230.198 189.069 222.68
169.669 230.718 197.564 223.384
554.73 230.542 549.516 230.025
547.178 232.164 542.643 231.592
476.709 235.292 478.283 233.393
404.38 238.78 404.93 235.607
298.512 239.611 299.018 234.589
613.571 243.104 602.154 243.821
620.341 243.758 608.433 244.79
544.076 244.513 539.425 243.796
544.076 244.513 539.425 243.796
555.484 245.242 549.658 244.826
617.106 246.739 605.386 247.589
617.106 246.739 605.386 247.589
617.106 246.739 605.386 247.589
537.035 247.883 532.843 247.29
537.035 247.883 532.843 247.29
311.14 250.535 311.509 245.747
213.954 253.739 216.956 247.253
279.479 253.635 280.203 248.331
609.186 253.328 597.907 254.267
229.522 254.692 232.301 248.495
361.759 258.04 361.781 253.97
405.14 260.297 405.338 256.984
234.016 260.429 236.61 254.111
357.553 261.23 357.828 257.067
505.981 260.952 504.485 259.69
414.956 264.375 415.171 261.197
414.956 264.375 415.171 261.197
554.874 264.726 548.374 263.912
597.843 265.74 587.173 266.168
558.164 268.495 551.221 268.176
311.563 268.978 311.656 263.796
421.857 274.665 421.89 271.611
257.52 281.195 257.698 275.054
40.628 321.268 65.6879 310.722
620.219 140.831 421.835 166.456
620.219 140.831 378.141 168.925
620.219 140.831 602.916 141.808
620.219 140.831 421.604 165.816
620.219 140.831 623.824 140.816
620.219 140.831 291.126 162.123
620.219 140.831 444.422 164.9
620.219 140.831 455.145 165.106
620.219 140.831 465.572 164.705
600.445 141.789 602.916 141.808
600.445 141.789 29.1046 196.773
116.675 153.541 145.584 145.55
68.342 162.855 97.6222 154.592
68.342 162.855 97.6222 154.592
61.9306 163.465 91.4021 155.148
279.652 166.03 556.688 139.289
279.652 166.03 300.113 165.068
279.652 166.03 602.916 141.808
279.652 166.03 282.187 162.041
279.652 166.03 268.923 162.306
279.652 166.03 431.08 164.742
418.98 167.781 421.835 166.456
418.98 167.781 378.141 168.925
418.98 167.781 421.604 165.816
418.98 167.781 383.611 168.041
418.98 167.781 623.824 140.816
418.98 167.781 465.093 165.575
418.98 167.781 444.422 164.9
418.98 167.781 455.145 165.106
418.98 167.781 465.572 164.705
441.356 167.725 421.835 166.456
441.356 167.725 602.916 141.808
441.356 167.725 623.824 140.816
441.356 167.725 307.103 165.571
441.356 167.725 465.093 165.575
441.356 167.725 444.422 164.9
441.356 167.725 465.572 164.705
441.356 167.725 593.898 139.744
451.969 167.815 300.113 165.068
451.969 167.815 421.835 166.456
451.969 167.815 378.141 168.925
451.969 167.815 421.604 165.816
451.969 167.815 623.824 140.816
451.969 167.815 291.126 162.123
451.969 167.815 242.835 210.124
451.969 167.815 455.145 165.106
269.577 170.281 608.494 145.085
269.577 170.281 272.147 166.015
283.876 169.823 296.476 166.635
304.052 169.82 421.835 166.456
304.052 169.82 602.916 141.808
304.052 169.82 623.824 140.816
304.052 169.82 307.103 165.571
304.052 169.82 465.093 165.575
304.052 169.82 444.422 164.9
304.052 169.82 592.879 140.667
304.052 169.82 593.898 139.744
379.688 170.849 378.141 168.925
379.688 170.849 421.604 165.816
379.688 170.849 383.611 168.041
379.688 170.849 623.824 140.816
379.688 170.849 431.08 164.742
379.688 170.849 455.145 165.106
547.989 170.576 545.777 169.648
348.781 171.94 342.844 167.94
425.483 172.111 427.64 169.544
383.713 175.409 386.895 172.344
540.864 174.798 539.126 173.791
540.864 174.798 539.126 173.791
128.696 179.816 156.982 172.035
551.456 182.109 548.317 181.498
355.606 198.664 358.542 194.969
542.569 199.952 539.778 199.13
287.274 205.847 288.515 201.081
384.988 205.829 387.565 202.43
576.918 207.415 570.659 207.105
350.328 208.606 353.382 204.676
350.328 208.606 353.488 204.763
586.747 210.363 579.334 210.429
486.873 210.415 488.983 208.717
415.263 211.83 416.402 208.937
15.859 213.295 44.5578 203.946
46.4562 215.509 74.6253 206.56
568.056 215.312 562.08 215.023
349.066 217.03 351.959 213.072
505.253 216.845 504.907 215.266
319.987 218.253 322.973 213.749
344.488 220.074 347.559 215.944
540.035 220.214 536.764 219.459
507.528 222.105 507.131 220.65
507.528 222.105 507.131 220.65
513.168 224.072 512.368 222.749
615.335 223.658 604.817 224.359
162.687 225.142 190.757 217.732
162.687 225.142 190.757 217.732
435.992 225.678 437.015 223.037
128.185 226.696 155.842 218.745
371.775 226.975 374.27 223.311
611.289 229.183 600.737 229.787
611.289 229.183 600.737 229.787
400.215 230.081 401.313 226.71
406.319 229.936 407.149 226.78
544.194 237.542 539.74 236.853
561.842 240.96 555.269 240.667
426.042 247.293 426.704 244.395
426.042 247.293 426.704 244.395
54.9886 254.716 81.7825 245.324
354.655 256.76 354.706 252.678
380.857 260.902 381.099 257.255
327.32 261.465 327.579 256.693
604.086 262.42 593.206 263.109
413.355 269.117 413.457 266.086
568.728 269.698 560.897 269.408
464.016 277.422 464.649 275.148
434.033 279.542 434.042 276.803
446.615 285.335 446.733 282.737
597.337 147.972 598.85 148.202
125.459 149.229 154.253 142.287
529.096 168.295 528.765 167.019
387.975 170.114 391.403 167.153
490.062 171.016 493.229 168.769
401.729 173.658 404.914 170.766
376.059 176.417 378.863 173.201
366.227 177.034 368.859 173.598
597.141 182.418 589.758 182.376
140.478 184.526 168.526 177.123
126.429 195.978 155.014 188.001
398.453 195.653 400.351 192.482
433.654 195.842 435.268 193.216
456.612 196.637 458.694 194.417
378.268 198.496 381.009 195.22
623.861 198.424 613.332 199.006
566.303 198.65 561.184 198.249
92.3128 203.661 121.521 194.91
164.891 205.064 193.084 197.825
433.362 205.726 434.746 203.149
433.362 205.726 434.746 203.149
324.71 206.791 327.684 202.218
465.108 206.633 466.997 204.516
370.604 208.646 373.381 205.202
31.5737 208.975 61.4507 199.722
48.3697 209.178 77.2216 200.249
407.66 209.827 408.911 206.884
385.166 219.434 387.663 215.939
370.429 220.607 372.672 216.993
399.187 221.811 400.64 218.67
448.793 227.749 449.995 225.512
448.793 227.749 449.995 225.512
274.644 236.808 275.303 231.538
284.185 239.374 284.82 234.206
406.307 239.939 406.693 236.749
379.81 242.235 381.246 238.89
401.681 247.039 402.351 243.911
357.483 248.813 358.432 244.538
365.63 249.795 366.512 245.867
405.271 254.772 405.658 251.585
405.271 254.772 405.658 251.585
623.697 256.916 611.025 257.769
207.095 265.443 210.082 258.536
207.095 265.443 210.082 258.536
406.647 269.602 406.703 266.35
400.043 275.637 399.905 272.277
533.916 146.868 533.843 145.703
136.842 155.577 165.562 148.609
37.3855 162.399 67.17 153.899
51.5871 163.92 81.3549 155.495
441.213 166.845 421.835 166.456
441.213 166.845 378.141 168.925
441.213 166.845 602.916 141.808
441.213 166.845 421.604 165.816
441.213 166.845 623.824 140.816
441.213 166.845 465.093 165.575
441.213 166.845 444.422 164.9
441.213 166.845 455.145 165.106
441.213 166.845 465.572 164.705
441.213 166.845 593.898 139.744
462.422 166.804 421.604 165.816
462.422 166.804 623.824 140.816
462.422 166.804 465.093 165.575
462.422 166.804 444.422 164.9
462.422 166.804 455.145 165.106
462.422 166.804 465.572 164.705
31.2835 176.372 61.0585 167.704
309.395 177.037 311.705 173.343
320.816 177.855 323.665 173.794
398.762 182.386 400.849 179.281
616.019 193.47 606.378 193.738
117.785 225.082 145.332 216.977
189.058 264.976 192.416 257.847
197.653 265.509 200.793 258.684
493.78 273.718 492.547 271.849
488.901 281.44 488.237 279.46
592.535 139.731 421.835 166.456
592.535 139.731 602.916 141.808
592.535 139.731 421.604 165.816
592.535 139.731 623.824 140.816
592.535 139.731 307.103 165.571
592.535 139.731 465.093 165.575
592.535 139.731 444.422 164.9
592.535 139.731 592.879 140.667
592.535 139.731 593.898 139.744
533.994 147.317 533.843 145.703
433.847 174.75 436.092 172.415
309.399 177.848 311.705 173.343
309.399 177.848 311.805 174.05
47.6585 184.172 77.4363 175.133
152.445 188.106 180.867 180.442
102.761 223.737 131.273 215.293
397.784 265.398 397.905 262.021
475.169 280.479 475.534 278.47
397.914 201.026 399.698 198.534
345.513 203.26 348.292 199.356
131.783 205.49 160.419 197.495
280.741 239.057 281.563 233.916
306.589 267.943 306.641 262.793
551.811 149.515 550.586 148.469
84.4519 166.133 112.865 159.175
412.894 177.949 414.886 174.948
412.894 177.949 415.632 175.627
251.086 179.951 254.433 174.721
251.086 179.951 254.433 174.721
311.042 241.618 311.638 235.795
486.09 179.009 488.367 176.993
324.131 274.951 324.199 270.489
363.144 189.835 365.977 186.395
367.864 230.527 370.145 226.79
551.296 259.915 545.183 259.254
370.357 268.555 370.434 264.509
